255 255 255 255 255 255 255 255 255 255 255 255 255 255 255 255
255   0   0   0   0   0 255   0   0   0   0   0   0   0   0 255
255   0 255 255 255   0 255   0   0 255   0 255 255 255   0 255
255   0 255   0 191   0 255   0   0 255   0 191   0 255   0 255
255   0 255 191 239   0 255 255 255   0   0 239 191 255   0 255
255   0   0   0   0   0   0 255 255   0   0   0   0   0   0 255
255   0   0 255   0   0   0   0   0 255   0 255 255 255 255 255
255   0 255   0 191 255 255   0 255 255   0  64 255 255   0 255
255 255 255   0   0 255 255   0 255 255   0 191 255   0 255 255
255   0 255   0  64   0 255 255 255   0   0  64   0 255 255 255
255   0   0   0   0   0   0 255   0 255   0 191 255   0   0 255
255   0 255 191 239   0   0  64   0  64 191 159 191 191   0 255
255   0 255   0 191   0 255   0 255 255   0   0   0   0 255 255
255   0 255 255 255   0   0   0 255 255   0   0   0   0 255 255
255   0   0   0   0   0   0 255 255   0   0 255   0   0   0 255
255 255 255 255 255 255 255 255 255 255 255 255 255 255 255 255
255 255 255 255 255 255 255 255 255 255 255 255 255 255 255 255
255   0   0   0   0   0 255   0   0   0   0   0   0   0   0 255
255   0 255 255 255   0 255   0   0 255   0 255 255 255   0 255
255   0 255   0 191   0 255   0   0 255   0 191   0 255   0 255
255   0 255 191 239   0 255 255 255   0   0 239 191 255   0 255
255   0   0   0   0   0   0 255 255   0   0   0   0   0   0 255
255   0   0 255   0   0   0   0   0 255   0 255 255 255 255 255
255   0 255   0 191 255 255   0 255 255   0  64 255 255   0 255
255 255 255   0   0 255 255   0 255 255   0 191 255   0 255 255
255   0 255   0  64   0 255 255 255   0   0  64   0 255 255 255
255   0   0   0   0   0   0 255   0 255   0 191 255   0   0 255
255   0 255 191 239   0   0  64   0  64 191 159 191 191   0 255
255   0 255   0 191   0 255   0 255 255   0   0   0   0 255 255
255   0 255 255 255   0   0   0 255 255   0   0   0   0 255 255
255   0   0   0   0   0   0 255 255   0   0 255   0   0   0 255
255 255 255 255 255 255 255 255 255 255 255 255 255 255 255 255
255 255 255 255 255 255 255 255 255 255 255 255 255 255 255 255
255   0   0   0   0   0 255   0   0   0   0   0   0   0   0 255
255   0 255 255 255   0 255   0   0 255   0 255 255 255   0 255
255   0 255   0 191   0 255   0   0 255   0 191   0 255   0 255
255   0 255 191 239   0 255 255 255   0   0 239 191 255   0 255
255   0   0   0   0   0   0 255 255   0   0   0   0   0   0 255
255   0   0 255   0   0   0   0   0 255   0 255 255 255 255 255
255   0 255   0 191 255 255   0 255 255   0  64 255 255   0 255
255 255 255   0   0 255 255   0 255 255   0 191 255   0 255 255
255   0 255   0  64   0 255 255 255   0   0  64   0 255 255 255
255   0   0   0   0   0   0 255   0 255   0 191 255   0   0 255
255   0 255 191 239   0   0  64   0  64 191 159 191 191   0 255
255   0 255   0 191   0 255   0 255 255   0   0   0   0 255 255
255   0 255 255 255   0   0   0 255 255   0   0   0   0 255 255
255   0   0   0   0   0   0 255 255   0   0 255   0   0   0 255
255 255 255 255 255 255 255 255 255 255 255 255 255 255 255 255

255 255 255 255 255 255 255 255 255 255 255 255 255 255 255 255
255  73  40  40  40  60 255  40 208 181  40  40 248 168  73 255
255  40 213 151 206  24 187 199  81 203  10 184 105 123 127 255
255  40 151   0 135  24 250 253 253  93 248 139  15 105  47 255
255  40 206 135 199  24 255 123 135  78 123 128   4  55 255 255
255  60  24  24  24  46  88  74  74  95  22 123  31 118  60 255
255 114 187 250  88  88 140 218 218 115 167  78 250 187 114 255
255  87  23  56 229 186  19 243 199 187   5  30 199 199 255 255
255  87  23  56 229 186  19  44   0 255 204 123   6  81 255 255
255 255 187 250 255  88  30 199 199 140  88  88 250  88 114 255
255  60  24  24  24  46  88 199 199  88  46  24  24  24  60 255
255  40 206 135 199  24  88 135  30 166  24 199 135 206  40 255
255  40 151   0 135  24 250  56  62  93  24 135   0 151  40 255
255  40 213 151 206  24  88 141 222 255  24 206 151 213  40 255
255  73  40  40  40  60 114  40 208 114  60  40  40  40  73 255
255 255 255 255 255 255 255 255 255 255 255 255 255 255 255 255
255 255 255 255 255 255 255 255 255 255 255 255 255 255 255 255
255  73  40  40  40  60 255  40 208 181  40  40 248 168  73 255
255  40 213 151 206  24 187 199  81 203  10 184 105 123 127 255
255  40 151   0 135  24 250 253 253  93 248 139  15 105  47 255
255  40 206 135 199  24 255 123 135  78 123 128   4  55 255 255
255  60  24  24  24  46  88  74  74  95  22 123  31 118  60 255
255 114 187 250  88  88 140 218 218 115 167  78 250 187 114 255
255  87  23  56 229 186  19 243 199 187   5  30 199 199 255 255
255  87  23  56 229 186  19  44   0 255 204 123   6  81 255 255
255 255 187 250 255  88  30 199 199 140  88  88 250  88 114 255
255  60  24  24  24  46  88 199 199  88  46  24  24  24  60 255
255  40 206 135 199  24  88 135  30 166  24 199 135 206  40 255
255  40 151   0 135  24 250  56  62  93  24 135   0 151  40 255
255  40 213 151 206  24  88 141 222 255  24 206 151 213  40 255
255  73  40  40  40  60 114  40 208 114  60  40  40  40  73 255
255 255 255 255 255 255 255 255 255 255 255 255 255 255 255 255
255 255 255 255 255 255 255 255 255 255 255 255 255 255 255 255
255  73  40  40  40  60 255  40 208 181  40  40 248 168  73 255
255  40 213 151 206  24 187 199  81 203  10 184 105 123 127 255
255  40 151   0 135  24 250 253 253  93 248 139  15 105  47 255
255  40 206 135 199  24 255 123 135  78 123 128   4  55 255 255
255  60  24  24  24  46  88  74  74  95  22 123  31 118  60 255
255 114 187 250  88  88 140 218 218 115 167  78 250 187 114 255
255  87  23  56 229 186  19 243 199 187   5  30 199 199 255 255
255  87  23  56 229 186  19  44   0 255 204 123   6  81 255 255
255 255 187 250 255  88  30 199 199 140  88  88 250  88 114 255
255  60  24  24  24  46  88 199 199  88  46  24  24  24  60 255
255  40 206 135 199  24  88 135  30 166  24 199 135 206  40 255
255  40 151   0 135  24 250  56  62  93  24 135   0 151  40 255
255  40 213 151 206  24  88 141 222 255  24 206 151 213  40 255
255  73  40  40  40  60 114  40 208 114  60  40  40  40  73 255
255 255 255 255 255 255 255 255 255 255 255 255 255 255 255 255

255 255 255 255 255 255 255 255 255 255 255 255 255 255 255 255
255  73 127  47 255  60 114 255 255 114  60  40  40  40  73 255
255 168 123 105  55 118 187 199  81  88  24 206 151 213  40 255
255 248 105  15   4  31 250 199   6 250  24 135   0 151  40 255
255  40 184 139 128 123  78  30 123  88  24 199 135 206  40 255
255  40  10 248 123  22 167   5 204  88  46  24  24  24  60 255
255 181 203  93  78  95 115 187 255 140  88 166  93 255 114 255
255 208  81 253 135  74 218 199   0 199 199  30  62 222 208 255
255  40 199 253 123  74 218 243  44 199 199 135  56 141  40 255
255 255 187 250 255  88 140  19  19  30  88  88 250  88 114 255
255  60  24  24  24  46  88 186 186  88  46  24  24  24  60 255
255  40 206 135 199  24  88 229 229 255  24 199 135 206  40 255
255  40 151   0 135  24 250  56  56 250  24 135   0 151  40 255
255  40 213 151 206  24 187  23  23 187  24 206 151 213  40 255
255  73  40  40  40  60 114  87  87 255  60  40  40  40  73 255
255 255 255 255 255 255 255 255 255 255 255 255 255 255 255 255
255 255 255 255 255 255 255 255 255 255 255 255 255 255 255 255
255  73 127  47 255  60 114 255 255 114  60  40  40  40  73 255
255 168 123 105  55 118 187 199  81  88  24 206 151 213  40 255
255 248 105  15   4  31 250 199   6 250  24 135   0 151  40 255
255  40 184 139 128 123  78  30 123  88  24 199 135 206  40 255
255  40  10 248 123  22 167   5 204  88  46  24  24  24  60 255
255 181 203  93  78  95 115 187 255 140  88 166  93 255 114 255
255 208  81 253 135  74 218 199   0 199 199  30  62 222 208 255
255  40 199 253 123  74 218 243  44 199 199 135  56 141  40 255
255 255 187 250 255  88 140  19  19  30  88  88 250  88 114 255
255  60  24  24  24  46  88 186 186  88  46  24  24  24  60 255
255  40 206 135 199  24  88 229 229 255  24 199 135 206  40 255
255  40 151   0 135  24 250  56  56 250  24 135   0 151  40 255
255  40 213 151 206  24 187  23  23 187  24 206 151 213  40 255
255  73  40  40  40  60 114  87  87 255  60  40  40  40  73 255
255 255 255 255 255 255 255 255 255 255 255 255 255 255 255 255
255 255 255 255 255 255 255 255 255 255 255 255 255 255 255 255
255  73 127  47 255  60 114 255 255 114  60  40  40  40  73 255
255 168 123 105  55 118 187 199  81  88  24 206 151 213  40 255
255 248 105  15   4  31 250 199   6 250  24 135   0 151  40 255
255  40 184 139 128 123  78  30 123  88  24 199 135 206  40 255
255  40  10 248 123  22 167   5 204  88  46  24  24  24  60 255
255 181 203  93  78  95 115 187 255 140  88 166  93 255 114 255
255 208  81 253 135  74 218 199   0 199 199  30  62 222 208 255
255  40 199 253 123  74 218 243  44 199 199 135  56 141  40 255
255 255 187 250 255  88 140  19  19  30  88  88 250  88 114 255
255  60  24  24  24  46  88 186 186  88  46  24  24  24  60 255
255  40 206 135 199  24  88 229 229 255  24 199 135 206  40 255
255  40 151   0 135  24 250  56  56 250  24 135   0 151  40 255
255  40 213 151 206  24 187  23  23 187  24 206 151 213  40 255
255  73  40  40  40  60 114  87  87 255  60  40  40  40  73 255
255 255 255 255 255 255 255 255 255 255 255 255 255 255 255 255

255 255 255 255 255 255 255 255 255 255 255 255 255 255 255 255
255  73  40  40  40  60 114 208  40 114  60  40  40  40  73 255
255  40 213 151 206  24 255 222 141  88  24 206 151 213  40 255
255  40 151   0 135  24  93  62  56 250  24 135   0 151  40 255
255  40 206 135 199  24 166  30 135  88  24 199 135 206  40 255
255  60  24  24  24  46  88 199 199  88  46  24  24  24  60 255
255 114  88 250  88  88 140 199 199  30  88 255 250 187 255 255
255 255  81   6 123 204 255   0  44  19 186 229  56  23  87 255
255 255 199 199  30   5 187 199 243  19 186 229  56  23  87 255
255 114 187 250  78 167 115 218 218 140  88  88 250 187 114 255
255  60 118  31 123  22  95  74  74  88  46  24  24  24  60 255
255 255  55   4 128 123  78 135 123 255  24 199 135 206  40 255
255  47 105  15 139 248  93 253 253 250  24 135   0 151  40 255
255 127 123 105 184  10 203  81 199 187  24 206 151 213  40 255
255  73 168 248  40  40 181 208  40 255  60  40  40  40  73 255
255 255 255 255 255 255 255 255 255 255 255 255 255 255 255 255
255 255 255 255 255 255 255 255 255 255 255 255 255 255 255 255
255  73  40  40  40  60 114 208  40 114  60  40  40  40  73 255
255  40 213 151 206  24 255 222 141  88  24 206 151 213  40 255
255  40 151   0 135  24  93  62  56 250  24 135   0 151  40 255
255  40 206 135 199  24 166  30 135  88  24 199 135 206  40 255
255  60  24  24  24  46  88 199 199  88  46  24  24  24  60 255
255 114  88 250  88  88 140 199 199  30  88 255 250 187 255 255
255 255  81   6 123 204 255   0  44  19 186 229  56  23  87 255
255 255 199 199  30   5 187 199 243  19 186 229  56  23  87 255
255 114 187 250  78 167 115 218 218 140  88  88 250 187 114 255
255  60 118  31 123  22  95  74  74  88  46  24  24  24  60 255
255 255  55   4 128 123  78 135 123 255  24 199 135 206  40 255
255  47 105  15 139 248  93 253 253 250  24 135   0 151  40 255
255 127 123 105 184  10 203  81 199 187  24 206 151 213  40 255
255  73 168 248  40  40 181 208  40 255  60  40  40  40  73 255
255 255 255 255 255 255 255 255 255 255 255 255 255 255 255 255
255 255 255 255 255 255 255 255 255 255 255 255 255 255 255 255
255  73  40  40  40  60 114 208  40 114  60  40  40  40  73 255
255  40 213 151 206  24 255 222 141  88  24 206 151 213  40 255
255  40 151   0 135  24  93  62  56 250  24 135   0 151  40 255
255  40 206 135 199  24 166  30 135  88  24 199 135 206  40 255
255  60  24  24  24  46  88 199 199  88  46  24  24  24  60 255
255 114  88 250  88  88 140 199 199  30  88 255 250 187 255 255
255 255  81   6 123 204 255   0  44  19 186 229  56  23  87 255
255 255 199 199  30   5 187 199 243  19 186 229  56  23  87 255
255 114 187 250  78 167 115 218 218 140  88  88 250 187 114 255
255  60 118  31 123  22  95  74  74  88  46  24  24  24  60 255
255 255  55   4 128 123  78 135 123 255  24 199 135 206  40 255
255  47 105  15 139 248  93 253 253 250  24 135   0 151  40 255
255 127 123 105 184  10 203  81 199 187  24 206 151 213  40 255
255  73 168 248  40  40 181 208  40 255  60  40  40  40  73 255
255 255 255 255 255 255 255 255 255 255 255 255 255 255 255 255
